0 2 0 8 8 36 72 212 528 1438 3816 10356 28120 77002 211752 585284
2 0 12 14 72 162 530 1452 4314 12402 36246 105450 308008 899946 2633778 7715444
0 0 16 48 240 884 3328 11960 42112 145860 497856 1681280 5623296 18662036 61510000 0
0 10 36 210 884 3744 14950 57904 218790 809016 2942240 10543680 37324072 130708750 453478968 0
0 12 0 360 1368 8946 41760 200016 887976 3838168 16042248 65457564 261326176 1024346406 0 0
4 0 180 798 5964 31320 166680 813978 3838168 17379102 76367158 326657720 1365795208 5597222290 0 0
0 8 160 800 8288 50928 328736 1875552 10246624 53008824 263564448 1264484304 5886151360 0 0 0
2 50 300 3626 25464 184914 1172220 7044554 39756618 214146114 1106423766 5518266900 26683357604 0 0 0
0 20 160 3540 26520 248430 1800880 12632260 81049080 493368600 2850689160 15788606920 0 0 0 0
4 40 1062 9282 99372 810396 6316130 44576994 296021160 1852947954 11052024844 63160708740 0 0 0 0
0 12 576 6080 93168 872004 8142672 65524008 494758080 3468380296 22999369440 0 0 0 0 0
2 120 1520 27174 290668 3053502 27301670 226764120 1734190148 12457991780 84574174160 0 0 0 0 0
0 56 560 18732 216440 2924334 29782312 286352332 2463918968 19792662722 0 0 0 0 0 0
8 100 4014 54110 835524 9572886 102268690 967968166 8482569738 69007821194 0 0 0 0 0 0
0 16 1728 27584 595008 7778920 99243200 1064786016 10553281152 0 0 0 0 0 0 0
2 270 5172 130158 1944730 27912150 332745630 3627690396 35814867840 0 0 0 0 0 0 0
0 90 1368 67728 1141128 20874348 283860480 3572649972 0 0 0 0 0 0 0 0
10 190 11288 221886 4638744 70965120 992402770 12086772082 0 0 0 0 0 0 0 0
0 40 4480 89240 2661360 46372180 774915680 0 0 0 0 0 0 0 0 0
4 560 13386 465738 9274436 174356028 2670385652 0 0 0 0 0 0 0 0 0
0 66 3432 200112 4505688 107337494 0 0 0 0 0 0 0 0 0 0
6 390 27288 716814 19515908 383582952 0 0 0 0 0 0 0 0 0 0
0 72 8064 246448 9364416 0 0 0 0 0 0 0 0 0 0 0
6 840 30806 1365644 35070098 0 0 0 0 0 0 0 0 0 0 0
0 182 6032 505076 0 0 0 0 0 0 0 0 0 0 0 0
14 580 58278 1955380 0 0 0 0 0 0 0 0 0 0 0 0
0 56 14560 0 0 0 0 0 0 0 0 0 0 0 0 0
4 1300 60906 0 0 0 0 0 0 0 0 0 0 0 0 0
0 240 0 0 0 0 0 0 0 0 0 0 0 0 0 0
16 990 0 0 0 0 0 0 0 0 0 0 0 0 0 0
0 0 0 0 0 0 0 0 0 0 0 0 0 0 0 0
6 0 0 0 0 0 0 0 0 0 0 0 0 0 0 0
