0
0
1
2
3
8
14
42
79
252
494
1636
3294
11188
22952
79386
165127
579020
1217270
4314300
9146746
32697920
69799476
251284292
539464358
1953579240
4214095612
15336931928
33218794236
121416356108
263908187100
968187827834
2110912146295
7769449728780
16985386737830
62696580696172
137394914285538
508451657412496
1116622717709012
4141712433518956
9113225693455362
33872033298518728
74659999210200292
278014853384816184
613761409026409316
2289376313410678312
5061429450971278752
18908827573854163492
41859327789635914614
156603555913551157432
347099953028976297404
1300267466425801447896
2885160522891510689284
10821148539540873061568
24035804358940932106952
90250278744190579345032
200654765690085153126316
754208274550035941880608
1678335743018019316259496
6314537556668558508731648
14063378231032799691879896
52959675775981189801336764
118040342826582683797449796
444891214277762984231178042
992326804334494732980793943
3743026544516579825288962444
8354495219019289990164763398
31536420662603494732083915340
70434998809080127393437297650
266063751674436299673071589360
594599499533794390361959749844
2247550128701977258115920656860
5025695818593344162696833129514
19008715555617586935875187870888
42527910006084155476185484988212
160948784558591313754796459739416
360272385523528594815856671678612
1364232022858728923024142759803480
3055216809716129083026880717510160
11575251909829126518161243829543180
25934874596677045126234183027279570
98308755969539072163451010868401640
220361629452471398264874360719668820
835704950273341792147047687327919240
1874035003811515549552101462815010060
7110395043165529279172579964731092480
15951110383399680965114405819981275160
60547575097717445842728099830407673400
135880930216695111610968936642153346900
515995062352797709705726634273278550000
1158415873314132463454297017879504970760
4400729802837416620497713362144719126800
9883117772468618693442156582822614418760
37559503039038836597183687152233215811320
84378727833234880850386289637488829845880
320787525843701277384527054424508332378980
720889069646887318985083041323606478813590
2741605605579055441067771371446459967224120
6162942504220104742010129790396671726286940
23446094200792754607500009474976964216524920
52720617412701794403242979316267833424423476
