0 0 1 1 1 1 1 1 1 1 1 1 1 1 1 1 
0 4 14 48 164 560 1912 6528 22288 76096 259808 887040 3028544 10340096 35303296 120532992 
1 7 36 164 700 2868 11424 44576 171216 649520 2439360 9085632 33605312 123561536 451998720 1646101504 
2 24 188 1208 6898 36384 181200 863872 3979312 17827072 78047232 335139712 1415522912 5893962752 24237379072 98581954560 
3 47 453 3449 22740 135900 755888 3979312 20055456 97559040 460817104 2123284368 9577689472 42415413376 184841164800 794160859136 
8 168 2076 19632 156972 1116504 7279612 44360736 256061292 1413641392 7518353544 38735466240 194177216704 950422614528 4555212265728 21429056604160 
14 346 4908 52324 465210 3639806 25877096 170707528 1060231044 6265294620 35507510720 194177216704 1029624499072 5314414310016 26786320755200 132190542385664 
42 1264 21368 266960 2744060 24544592 197616344 1464448688 10145753450 66467451200 415335016928 2492116123136 14435601886592 81072442449920 443020929182720 2362496450057216 
79 2671 50055 686015 7670185 74106129 640696301 5072876725 37387941300 259584385580 1713329834656 10826701414944 65871359490560 387643313034880 2214840421928640 12325234029309632 
252 9880 212020 3293120 41365440 445661552 4268885880 37236211040 300823082060 2279186381720 16349830243588 111880691784480 734684093795400 4652248608883680 28522568440475760 169879158172820736 
494 21202 493968 8273088 111415388 1280665764 13032673864 120329232824 1025633871774 8174915121794 61534380481464 440810456277240 3023961595774392 19965797908333032 127409368629615552 788579087471133888 
1636 79056 2056776 38197712 566966316 7144611936 79334520272 795904835616 7343511487020 63144072845328 511158256075656 3926842183634832 28812978673789044 202989361203905472 1379096843369879520 9068729281807674624 
3294 171398 4774714 94494386 1488460820 19833630068 232138910388 2447837162340 23679027316998 212982606698190 1799802667499298 14406489336894522 109952570652115464 804473158632429720 5667955801129796640 38600370326663964192 
11188 642656 19649392 424655392 7271981192 104922630288 1324981807464 15025611407616 155855202518736 1499130700344816 13513996791850632 115130377877174688 933239233784826360 7237745343521990640 53954646120984276600 388117438362274092864 
22952 1403528 45498792 1038854456 18736183980 283924673028 3756402851904 44530057862496 481863439396548 4826427425660940 45229791308890056 399959671622068440 3360381766635209940 26977323060492138300 207920056265503978320 1544584839172700416656 
79386 5284064 185654000 4576722720 88814705880 1443653690976 20429762060880 258378580586016 2975856409942812 31655665549492512 314420983871147472 2941376329590113376 26098309058745365208 220904081090878783776 1792334282173320937776 13996814590484868761184 
165127 11603375 429067755 11101838235 225570889215 3830580386415 56520314503191 743964102485703 8903155935794769 98256557459733585 1011098113296601473 9786865897029511953 89742282943169505909 784146248450827910277 6561006839289782231805 52785885113765942503437 
579020 43821720 1739487060 48170463840 1044669920040 18888291968832 296057165668704 4130992125488448 52303953650172840 609617518980996240 6614020348027102296 67392451459111738752 649564642453557165504 5957735378955735155040 52257669549290860569840 440211500559678179971776 
1217270 96638170 4014205320 116074435560 2623373884560 49342860944784 803248468844976 11623100811149520 152404379745249060 1837227874451972860 20592137945839697952 216521547484519055168 2151404442400682139320 20322427046946445777160 183421458566532574988240 1588554197971439413879472 
4314300 365869840 16191539240 497613053520 11926815612140 237419178563072 4082751425410240 62298802176536640 860013135236346520 10898394679112809440 128226152874443068016 1413427449152735783520 14704403941223749770680 145258213737463550962880 1369525570629882182582560 12377072334985269847189056 
9146746 809576962 37320979014 1192681561214 29677397320384 612412713811536 10902290380893912 172002627047269304 2452138802800382124 32056538218610767004 388692548517002340468 4411321182367124931204 47208919464675654062936 479333949720458763903896 4641402125619476192695896 43048567207013236984797880 
32697920 3071176944 149920881704 5063362254368 132908724868744 2888351971938576 54065201999625960 895551795346052416 13386232934210068504 183242646575634927424 2323725997395604772256 27549803801495238877120 307662740999265682995536 3256455101095130699229344 32839027047704018764275664 316908072312610522463318016 
69799476 6814585532 345229244616 12082611351704 328221814993020 7372527545403540 142474149259599248 2433860533492739728 37481450435925326064 528119544862637448240 6887450950373809719280 83908020272527004453328 962134461687197706590488 10448781333360369606814984 108036842833844496294312960 1068300613340253161920911680 
251284292 25894289184 1382137811088 50882414395488 1451680943169288 34197558387134688 692161952715430288 12368418990943430688 199006886819567248188 2926395486401668535488 39787903282242301980768 504841444483352658022848 6023321112666836400957808 68002520693342968735439808 730331175855791313795323808 7495094020803310827379137088 
539464358 57589075462 3180150899718 120973411930774 3562245665326530 86520244089428786 1803727769512583642 33167814469927874698 548699153700312850404 8289146517133812912660 115692831027434984130236 1505830278166709100239452 18417349354447054032514948 213013259624605799856969444 2342216881501034633555980340 24595669772719948166502251156 
1953579240 219132971824 12695910265064 505996216963328 15590291363480288 395720095622013344 8611526600185016144 165117246678905089088 2845314112292043037256 44730526698986234811536 649080903668334892513304 8775800235856799083405376 111402491489738333706545360 1336249159528789582292746880 15226245316590170013762153920 165575446153471784085933590144 
4214095612 488304240964 29192089440192 1199253181806176 38050009194424360 993637684636732632 22227321668314146608 437740632660314313424 7741821928670694486612 124823250705449017791020 1856419280662015190720368 25708267266862692393818160 334062289882197395573186720 4099373739081968849859041440 47762147928886091563250074080 530790112555008570919131377696 
15336931928 1860252477216 116262008245712 4987159627142560 165035219934697560 4490218318826906176 104546116122865731552 2140949244583793082304 39337827398921122513960 658368606988759173329760 10155542452967934421831600 145752877218560718847347040 1961410507560809334044784440 24908591810948933035421464320 300132812475471141282950040320 3447230273488159293436406324352 
33218794236 4152214580204 267169265739780 11788229995335540 400912349895259480 11201369584592756952 267618655572974135288 5619689628417303216280 105809240408907724285140 1813489723744274003898500 28630029453645855487871740 420302251620173428723882380 5782351670398859454651411360 75033203118867785320737510080 923365251827185525027608836880 10826381199024044893841519825104 
121416356108 15834491226000 1061845365980280 48777680924541760 1725410396558515920 50093379075575561376 1242535474471848242320 27066019834110560567040 528213715459960522276800 9376615020357741053610400 153208863616408207401403440 2326244269479698355423184320 33078300360212948386244941520 443366751951271004848648505760 5632373371231301489822600563920 68133003033018066365769254145152 
263908187100 35394845532676 2438884046227088 115027359770567728 4174448256297963448 124253547447184824232 3157702313979565399488 70428495394661402970240 1406492253053661158041560 25534810602734701233567240 426478116071278031827583792 6615660072042589677248988304 96062796256108717717207176248 1314220453287303680958606798248 17033250758254516591442313536288 210126594929169555257236817608224 
